+-------+------------+------------+-----------+---------------+-----------+----------------+------------------+-------------------+-------------+--------------+
|       |         ph |   Hardness |    Solids |   Chloramines |   Sulfate |   Conductivity |   Organic_carbon |   Trihalomethanes |   Turbidity |   Potability |
+=======+============+============+===========+===============+===========+================+==================+===================+=============+==============+
| count | 2785       |  3276      |  3276     |    3276       | 2495      |      3276      |       3276       |         3114      | 3276        |  3276        |
+-------+------------+------------+-----------+---------------+-----------+----------------+------------------+-------------------+-------------+--------------+
| mean  |    7.08079 |   196.369  | 22014.1   |       7.12228 |  333.776  |       426.205  |         14.285   |           66.3963 |    3.96679  |     0.39011  |
+-------+------------+------------+-----------+---------------+-----------+----------------+------------------+-------------------+-------------+--------------+
| std   |    1.59432 |    32.8798 |  8768.57  |       1.58308 |   41.4168 |        80.8241 |          3.30816 |           16.175  |    0.780382 |     0.487849 |
+-------+------------+------------+-----------+---------------+-----------+----------------+------------------+-------------------+-------------+--------------+
| min   |    0       |    47.432  |   320.943 |       0.352   |  129      |       181.484  |          2.2     |            0.738  |    1.45     |     0        |
+-------+------------+------------+-----------+---------------+-----------+----------------+------------------+-------------------+-------------+--------------+
| 25%   |    6.09309 |   176.851  | 15666.7   |       6.12742 |  307.699  |       365.734  |         12.0658  |           55.8445 |    3.43971  |     0        |
+-------+------------+------------+-----------+---------------+-----------+----------------+------------------+-------------------+-------------+--------------+
| 50%   |    7.03675 |   196.968  | 20927.8   |       7.1303  |  333.074  |       421.885  |         14.2183  |           66.6225 |    3.95503  |     0        |
+-------+------------+------------+-----------+---------------+-----------+----------------+------------------+-------------------+-------------+--------------+
| 75%   |    8.06207 |   216.667  | 27332.8   |       8.11489 |  359.95   |       481.792  |         16.5577  |           77.3375 |    4.50032  |     1        |
+-------+------------+------------+-----------+---------------+-----------+----------------+------------------+-------------------+-------------+--------------+
| max   |   14       |   323.124  | 61227.2   |      13.127   |  481.031  |       753.343  |         28.3     |          124      |    6.739    |     1        |
+-------+------------+------------+-----------+---------------+-----------+----------------+------------------+-------------------+-------------+--------------+